Imp1 1 9 60001
Imp2 1 9 60002
Imp3 1 9 60003
Imp4 2 10 60001
Imp5 2 10 60002
Imp6 2 10 60003
Imp7 3 11 60001
Imp8 3 11 60002
Imp9 3 11 60003
Imp10 17 25 60001
Imp11 17 25 60002
Imp12 17 25 60003
Imp13 18 26 60001
Imp14 18 26 60002
Imp15 18 26 60003
Imp16 19 27 60001
Imp17 19 27 60002
Imp18 19 27 60003
BMS1 4 12 60001
BMS2 20 28 60001
RU1 4 12 60002
RU2 20 28 60002
ExtAPP 0 61 60001
GUI_Imp1 33 37 60001
GUI_Imp2 33 37 60002
GUI_Imp3 33 37 60003
GUI_Imp4 34 38 60001
GUI_Imp5 34 38 60002
GUI_Imp6 34 38 60003
GUI_Imp7 35 39 60001
GUI_Imp8 35 39 60002
GUI_Imp9 35 39 60003
GUI_BMS1 36 40 60001
GUI_RU1 36 40 60002
GUI_Imp10 33 41 60001
GUI_Imp11 33 41 60002
GUI_Imp12 33 41 60003
GUI_Imp13 34 42 60001
GUI_Imp14 34 42 60002
GUI_Imp15 34 42 60003
GUI_Imp16 35 43 60001
GUI_Imp17 35 43 60001
GUI_Imp18 35 43 60001
GUI_BMS2 36 44 60001
GUI_RU2 36 44 60002
